time,x,y,z,phi,theta,psi,x_velocity,y_velocity,z_velocity,phi_velocity,theta_velocity,psi_velocity,rotor_speed1,rotor_speed2,rotor_speed3,rotor_speed4
0.06,-3.85185474015e-06,9.0835636883e-06,10.0071197948,0.00172941507911,0.000996386838726,0.0,-0.000238305509958,0.000533521332416,0.237306462952,-0.0156557440174,0.00980034046055,0.0,478.0537484250794,478.79973826487264,479.1455263405849,477.9541196488496
0.12000000000000001,-6.43651769514e-05,0.000128333196401,10.0273123703,0.0129354382892,0.00655736391378,0.0,-0.00239995660819,0.00470451789431,0.435715690223,0.0213396262487,0.0330583153083,0.0,466.4474469013042,468.259880900682,465.5426117105529,468.4279310181326
0.18,-0.000350695136609,0.000685424295066,10.0546490765,0.021313185288,0.0115866151724,0.0,-0.00763147229363,0.0146730572742,0.475474895923,-0.00906867563428,0.0127027671037,0.0,418.80639004701123,417.03266171336526,418.5908762500545,415.93663860287376
0.23999999999999996,-0.0010273517295,0.0019446347353,10.0833752033,0.0207795024987,0.014863996309,0.0,-0.0152291734485,0.0272529877932,0.482056802386,-0.00862778108348,-0.00591173718649,0.0,406.93330098170856,405.2637788889854,406.85358713214976,406.89316663499017
0.3,-0.00226761444033,0.00404116607479,10.1165755594,0.0218905023273,0.0150686914679,0.0,-0.0261264443436,0.0427666845459,0.624550715406,-0.0238591997519,0.0011688801186,0.0,450.1172089596549,450.68983709477953,451.2563771338908,450.0254597778301
0.36000000000000004,-0.00411528816634,0.00702937312755,10.1549497013,0.0260810347728,0.0151308877603,0.0,-0.0354699290335,0.0572487734455,0.654560354071,-0.0510611046211,-0.000729236410596,0.0,413.8013353132771,413.634223193499,416.6606606706534,414.275469444879
0.4200000000000001,-0.00654568328693,0.010966202009,10.1962310006,0.0230151323688,0.016161663017,0.0,-0.0456550862763,0.0736819706676,0.721448023243,-0.0533441673567,-0.0133477568601,0.0,427.7466751358851,426.67095965460675,426.51952324420154,426.32266325068025
0.48000000000000015,-0.00965689185539,0.015893021544,10.2444006444,0.0200032754399,0.0182196788645,0.0,-0.0582598630699,0.0902030712261,0.8840981443,-0.0496357080086,0.00401312927781,0.0,456.33124388057814,457.71488380290293,456.8095672637586,457.10347113232683
0.5400000000000001,-0.0135277131631,0.0216997777771,10.3000094422,0.0172914647154,0.0197672200795,0.0,-0.0709346748975,0.103089872795,0.969461002862,-0.056615324546,-0.00976657171378,0.0,433.2689750989315,432.10906019668704,433.84560294307465,433.25742901406943
0.6000000000000002,-0.0181909391123,0.0282285237922,10.3611198626,0.0140458697433,0.0195593585164,0.0,-0.0844917707675,0.114199687963,1.06747158747,-0.0533884913218,-0.017808806842,0.0,437.8966596023389,437.2273423906258,436.9178140801609,437.1845854340977
0.6600000000000003,-0.0236496021585,0.0353799944179,10.4275456325,0.0195143827211,0.0186588927777,0.0,-0.0973792031883,0.124691811263,1.14663690018,-0.022307784123,-0.0236572822073,0.0,431.5243496582742,431.03044666992,430.35313129780576,432.97447163110763
0.7200000000000003,-0.0299293193081,0.0432928841098,10.5010621256,0.0182606528934,0.0236893080408,0.0,-0.112467888224,0.138933815489,1.30373736628,-0.026915032417,0.00298909399096,0.0,456.0166460525693,458.1400436092482,455.2381270867394,454.8693072103208
0.7800000000000004,-0.0371826536005,0.0520133803703,10.5828973384,0.0172406252865,0.0239705067549,0.0,-0.129333895421,0.151649365343,1.42396091151,-0.0366489449378,0.00548538963955,0.0,444.0480065393714,444.2526458775287,446.38405077353156,445.5887980731801
0.8400000000000004,-0.0455117271723,0.0615070185611,10.6741381915,0.015177725536,0.025550118497,0.0,-0.148466248186,0.164557859697,1.6171462903,-0.0336342845168,0.0165938766202,0.0,466.9600232785922,467.82557607746475,467.7143505679589,467.94856776759576
0.9000000000000005,-0.0550419163671,0.0717514996926,10.7775358592,0.0164390011793,0.0274103758039,0.0,-0.169408897038,0.17709412673,1.82911737585,-0.0547081081275,0.025650281283,0.0,473.77625753523176,474.4719424610494,474.108750275235,472.48617907058946
0.9600000000000005,-0.0658726237735,0.0827565750169,10.8936115975,0.0132160666194,0.0292555608061,0.0,-0.191818025929,0.189358553318,2.03972057863,-0.0588387895358,0.0306291977693,0.0,474.2479428989879,474.6303196201491,473.68791841321473,473.36825586406195
1.0200000000000005,-0.0781079866465,0.0944244236727,11.0227634601,0.00986608465489,0.0314847829814,0.0,-0.216294090358,0.199155350135,2.26491789726,-0.0552347239301,0.0224708641051,0.0,479.5127225329007,478.89274515150896,478.62865095925235,478.9008154149221
1.0800000000000005,-0.0918262388302,0.106593886311,11.1638111239,0.00927570623667,0.0361814599972,0.0,-0.241522527482,0.206403870706,2.43630048366,-0.0383163578031,0.00118971801577,0.0,465.45849274292175,463.79003407862615,462.6547995423873,463.9834396420463
1.1400000000000006,-0.107035373096,0.119153939256,11.3121087875,0.00770248936053,0.0364822560276,0.0,-0.265469649673,0.212100892399,2.50680165679,-0.0301073844197,0.00537209746078,0.0,432.5928832041534,432.9448609307334,433.7131342760594,434.40143419617414
1.2000000000000006,-0.123781320608,0.132047523552,11.4671783016,0.0068200319794,0.036985388925,0.0,-0.29276866555,0.217597933058,2.66183006003,-0.0419056018661,0.00898219696368,0.0,460.2886616825494,460.5741584569056,460.27565398481823,459.3405600519714
1.2600000000000007,-0.142222655775,0.145253878508,11.632773259,0.00500897208293,0.0375174482032,0.0,-0.321990754247,0.222390453728,2.8575297228,-0.0338411598919,0.00699783548589,0.0,472.5701370209881,472.4170332993729,473.20479687190056,473.824499637111
1.3200000000000007,-0.162472212592,0.158757648367,11.8110662923,0.0131031436005,0.0391937626774,0.0,-0.353192279979,0.228754783855,3.08496008782,-0.069918298066,-0.00653957701994,0.0,484.3797920702679,483.3606369347555,483.95791420972904,481.23365757294556
1.3800000000000008,-0.184483363921,0.172770810588,11.9992760297,0.0170304359409,0.0401037435854,0.0,-0.380584955057,0.238783252064,3.18839862901,-0.102361842627,0.00481924024665,0.0,446.681472959738,447.606884886816,448.7636895320765,446.1170765168359
1.4400000000000008,-0.208219684868,0.187460939821,12.1949337369,0.014815760289,0.0441634786804,0.0,-0.41102888219,0.250616698661,3.33309449185,-0.0818211166125,0.0249243909859,0.0,459.7905663530679,461.38057265696864,459.83101443322636,461.44792979063624
1.5000000000000009,-0.233916930968,0.202825223718,12.4004171134,0.0117387995211,0.0464497023899,0.0,-0.445774726883,0.2611496544,3.51579507201,-0.0681448350102,0.0335391328126,0.0,472.99976831500356,473.66290963472096,471.8804236188664,472.930649962286
1.560000000000001,-0.261812914805,0.218766875363,12.6181646149,0.0087819733408,0.0484561976655,0.0,-0.484304451204,0.269888201375,3.74172785209,-0.0810612735306,0.0314798805619,0.0,486.7494938719196,486.59566971582166,486.97609198592227,486.00535093839983
1.620000000000001,-0.291893141826,0.235122096948,12.8458533973,0.00391633928638,0.0503737362112,0.0,-0.518551253505,0.274780529774,3.8475370929,-0.0811634643206,0.0324910294794,0.0,451.86558683753344,451.9474441307752,452.66410887750277,452.6507037537136
1.680000000000001,-0.324060828926,0.251668104277,13.0795911994,6.28225936204,0.0539446107499,0.0,-0.554067376595,0.276258046904,3.94337166029,-0.0801858897258,0.0172905586771,0.0,450.947610419828,449.7181776222068,449.54558533156523,449.6196068318136
1.740000000000001,-0.358391709637,0.268207391058,13.3184367374,6.27814591387,0.0561144605733,0.0,-0.590486973644,0.274656651231,4.01786880267,-0.0906149464644,0.0278092791327,0.0,444.1778738711975,445.0397318299649,443.850767742561,442.9882182600531
1.8000000000000012,-0.394902778753,0.284569426937,13.5606890267,6.27277897355,0.0609745495469,0.0,-0.627013483485,0.27024262207,4.05702931029,-0.088679252826,0.00700246903131,0.0,434.20754196205894,432.4583718975942,433.2960252522847,433.45174679708873
1.8600000000000012,-0.433754652825,0.300555000652,13.806335959,6.26775748256,0.0637063505424,0.0,-0.668321527986,0.262126005225,4.13090495046,-0.0959915431739,-0.0108959276146,0.0,444.8819756080127,443.41390469919645,445.75138176354295,445.1464148614097
1.9200000000000013,-0.475065797558,0.315979917185,14.055290497,6.26549718318,0.0663726958157,0.0,-0.708941430098,0.251813350033,4.16741685427,-0.0766654327889,0.00790041151235,0.0,432.90375135837854,434.4826968629003,432.52482422178497,434.14260972801554
1.9800000000000013,-0.518878613288,0.330734458664,14.3067330205,6.26202149803,0.0668466149462,0.0,-0.751525112099,0.239670818181,4.21381249214,-0.0661889826924,0.00789512178003,0.0,437.1541674857151,437.1536113379938,436.4949534756877,437.36418859860515
2.0400000000000014,-0.565544192988,0.344652459104,14.5651595902,6.26934591227,0.0684282352512,0.0,-0.804147563652,0.225166814292,4.39968407082,-0.104226013204,-0.00489747104171,0.0,480.2480214172268,479.2765905447206,481.8045725965674,478.91535401919174
2.1000000000000014,-0.615072641251,0.357887143696,14.8299366454,6.2647069649,0.0698660782969,0.0,-0.846919105424,0.215555567214,4.42609054497,-0.0914554298007,0.00836781456129,0.0,432.4022332034773,433.5184299002714,431.66024879880644,432.7277781295671
2.1600000000000015,-0.667089489291,0.370486765814,15.0948176643,6.25939791736,0.0704121702105,0.0,-0.8870347868,0.203988832846,4.40334551478,-0.0974346025276,0.00976064878702,0.0,416.677723029241,416.7993692248702,416.7785947937788,416.2475815888241
2.2200000000000015,-0.721902079859,0.382179623462,15.3636361797,6.25661862715,0.0717998859798,0.0,-0.940159269294,0.185463724775,4.55663568618,-0.0794139492699,0.0184444240148,0.0,471.6742919023632,472.3443873483272,471.40999265527324,472.79405635365094
2.2800000000000016,-0.779911745714,0.392705847512,15.6413356774,6.25290603728,0.0729413482992,0.0,-0.993585052773,0.165038523066,4.69939875032,-0.0919153901827,0.0196141274862,0.0,471.05079423280074,471.14117494024254,469.80172435767446,468.8259926030068
2.3400000000000016,-0.841055836206,0.401959321924,15.9262511751,6.24751601188,0.0742332053547,0.0,-1.04465883645,0.14287252902,4.79733334217,-0.0890626759323,0.0223180681285,0.0,457.78856624237784,458.00366467776183,457.80917827408086,458.02945856014816
2.4000000000000017,-0.905462130126,0.409711788718,16.2192576687,6.24754356106,0.0764252771271,0.0,-1.10240677762,0.115549569492,4.96876876113,-0.0648466794063,0.0313061349299,0.0,480.5473095152145,481.22828413619027,479.8268081181404,481.6571082158882
2.4600000000000017,-0.973096785186,0.416008000621,16.5185348537,6.2588400998,0.0848350308338,0.0,-1.15282165748,0.0953520794146,5.00688284064,-0.0233395770408,0.0581274634545,0.0,440.76585536023623,442.9781587473517,440.0935224554955,443.5144670404928
2.520000000000002,-1.04427523739,0.421179363792,16.8244752393,6.26311354899,0.0883202874713,0.0,-1.22012983819,0.0775104685205,5.19024140187,0.00158124835159,0.0558529601932,0.0,485.68631302202135,485.517633149944,486.1686945103902,488.03264819106516
2.580000000000002,-1.11912871308,0.425464879494,17.136410217,6.26335507539,0.0917496434496,0.0,-1.27529818105,0.0653705609,5.20744704583,-0.00398194134425,0.0513629426938,0.0,437.41493698714413,437.04282061012196,438.17472621507585,437.7119271566862
2.640000000000002,-1.1973528654,0.429026269185,17.4493323382,6.26324471498,0.0950375094368,0.0,-1.33247533099,0.0533408296871,5.22315029542,-0.00928881025299,0.0450468675158,0.0,437.5160478430189,436.9913336057062,437.7943811697613,437.35262151978264
2.700000000000002,-1.27885813848,0.431906840106,17.7610005844,6.26280482931,0.0978401674487,0.0,-1.38462774881,0.0426441098021,5.1659953935,-0.0144300308833,0.0401830130753,0.0,413.1035758340568,412.67559711372786,414.5645605678469,414.1125969991522
2.760000000000002,-1.36365562217,0.434123366687,18.0703784382,6.2652500721,0.101727053904,0.0,-1.44229086508,0.0314315775159,5.14661454413,0.0043390932115,0.0523450030121,0.0,425.2034209389139,426.2454480613876,425.1563035984227,426.76174681488664
2.820000000000002,-1.45258824637,0.43560367386,18.3845064841,6.26719087655,0.104903601442,0.0,-1.52241538546,0.0181339638136,5.32341435163,0.0173902525824,0.0535410363198,0.0,486.0586298397453,486.149821278915,486.2101315478766,487.1869535759331
2.880000000000002,-1.54652714639,0.436311270015,18.7103083895,6.26828341499,0.109793383806,0.0,-1.60937726574,0.00559898624588,5.53549957217,0.0188985096953,0.0381028293202,0.0,498.6737452621702,497.5457709805881,498.4014035253033,498.5115347325566
2.940000000000002,-1.64528793501,0.436375219774,19.0440481397,6.27292265912,0.11952967451,0.0,-1.68351276386,-0.00303741279652,5.58870713447,0.0382429976637,0.0668267213432,0.0,452.67291556456524,454.98026341254894,452.4387676516292,453.99396453548957
3.000000000000002,-1.74929236005,0.43595260227,19.3861331918,6.27522734986,0.123621198955,0.0,-1.7836637654,-0.0107603852387,5.81285597775,0.0386718447781,0.0689836274287,0.0,504.40931847094436,504.567906797498,505.05986538619084,505.09132158341623
3.0600000000000023,-1.85862243302,0.435176712165,19.7352254613,6.27930324191,0.132270991765,0.0,-1.86145094583,-0.0147507092789,5.82329658305,0.0520356201411,0.044486621195,0.0,444.02085863358354,442.0088745599161,443.79449348605436,444.89131079947225
3.1200000000000023,-1.97245324128,0.434240876733,20.0825411502,6.28273568573,0.140637982069,0.0,-1.93358298471,-0.0161840276048,5.75406592532,0.0570544363414,0.0694621806332,0.0,416.88213837149823,419.06136015772347,417.91573098028937,418.35516174522587
3.1800000000000024,-2.091164708,0.433273286372,20.4287078561,0.00300612740648,0.144797762749,0.0,-2.023840466,-0.0157534450045,5.78451744186,0.0581646702953,0.0675639290589,0.0,449.74180879240623,449.59152487466287,450.68676173936865,450.7787246017908
3.2400000000000024,-2.21557101854,0.432400817762,20.7780086411,0.00650140178377,0.149666611979,0.0,-2.12348002433,-0.0129859194585,5.85827398201,0.0555193161647,0.0564014984583,0.0,465.39122122875904,464.5193222368984,463.71618316337276,463.51040101099943
3.3000000000000025,-2.34572214609,0.431746464681,21.1293683271,0.00993724134552,0.16164396812,0.0,-2.21589052467,-0.00853345451563,5.85342707451,0.058060974719,0.0873357012933,0.0,439.5154103008402,442.0757615184474,440.92930333421344,441.1414637876399
3.3600000000000025,-2.48180104304,0.431442779342,21.4812394749,0.018107231056,0.183643092962,0.0,-2.32194739179,-0.000881025025188,5.87491975146,0.080605068733,0.130996154322,0.0,448.527059872756,452.0687092102382,449.0621771391147,450.8907263223645
3.4200000000000026,-2.6241665468,0.431696575291,21.8319486416,0.0250581298152,0.196094728041,0.0,-2.4246054507,0.00987146571255,5.81530903835,0.0953792800174,0.106290768861,0.0,426.23028840171315,424.12762350947355,424.37918018590545,425.65213292461885
3.4800000000000026,-2.77354505827,0.432796680544,22.1823920269,0.0326428907798,0.202672600073,0.0,-2.55525642637,0.027514329861,5.86553978717,0.0791826572235,0.100041074356,0.0,460.9296647114647,460.44444375229995,461.3659333698858,460.0915863377774
3.5400000000000027,-2.93051832767,0.435035889955,22.5339459367,0.0408376972557,0.211714174074,0.0,-2.67798162066,0.0477960498482,5.85259487769,0.0983463754749,0.0797058453624,0.0,443.2375401807591,441.5702233725236,440.71521808207194,442.3027871444373
3.6000000000000028,-3.09538110291,0.438703450375,22.886413592,0.0480755074381,0.21758515491,0.0,-2.81794147673,0.0751207400157,5.89573638545,0.0844223940898,0.0899977977923,0.0,459.435829021711,460.2566642458233,461.6581762468876,460.56507904949194
3.660000000000003,-3.26900225055,0.44419808033,23.2425154144,0.0548850148484,0.223005031851,0.0,-2.96987859179,0.108681301547,5.97351399787,0.0687049954691,0.0907574485669,0.0,472.08011393933776,472.14503041319466,473.30917758479427,472.1023684292702
3.720000000000003,-3.45133250846,0.451705464057,23.6009357646,0.0605103027917,0.22848383973,0.0,-3.10828879426,0.142024739079,5.97345337202,0.0809878613615,0.0872235058798,0.0,450.23428059443603,449.95479591536326,448.92461438738866,449.92444998463907
3.780000000000003,-3.64226031086,0.461365116322,23.9600867095,0.0681917235823,0.235305329199,0.0,-3.25655163993,0.180610093208,5.99765264236,0.0982290958445,0.099879727832,0.0,458.4490807569523,459.4605682633777,457.01930216423915,458.39776121318874
3.840000000000003,-3.84217313091,0.473459922824,24.3204498142,0.0740759697392,0.241348795117,0.0,-3.40773985212,0.223042472035,6.01390173789,0.0975776025441,0.0959362264331,0.0,457.90782669551453,457.60197400702214,456.43084102613625,456.3867908549025
3.900000000000003,-4.0516214609,0.488309943207,24.68309705,0.0810099492069,0.248560613319,0.0,-3.574489736,0.272549729429,6.07344267517,0.107820749445,0.0814646849894,0.0,472.08458743700544,470.97283115923767,471.69811335614986,472.4968155882379
3.960000000000003,-4.27106469553,0.506210230111,25.0486221764,0.0879737618686,0.255446064159,0.0,-3.74088179634,0.324719152434,6.10994241985,0.0988233053566,0.0647352357269,0.0,467.54045369334153,466.23916522987395,466.52386166040594,465.8296739109749
4.020000000000002,-4.50011257705,0.5271895699,25.4143300553,0.0940795260896,0.259501625737,0.0,-3.89445945623,0.375073454588,6.08002648462,0.102377185205,0.0588428944873,0.0,446.7068149229594,446.22877208476694,447.22766628160633,447.52565953703174
4.080000000000001,-4.73844825984,0.551284696607,25.7781421025,0.100386520768,0.264190097774,0.0,-4.05051667591,0.4285893488,6.04672749893,0.105777089422,0.0694910982309,0.0,446.029116649077,446.9009191464724,446.3602318351859,446.64694378426685
4.14,-4.98615841642,0.578683677892,26.1395878243,0.115028752567,0.268396647799,0.0,-4.20693597009,0.48584186274,6.00114966316,0.136150283522,0.0658635323433,0.0,444.25953951982797,443.9654378317552,441.02819008911484,443.5425654592778
4.199999999999998,-5.24275438571,0.609485085437,26.4960494993,0.125800768735,0.278799418415,0.0,-4.34717358025,0.541635576849,5.88083998117,0.117234981343,0.0368144030876,0.0,420.3463273543818,417.82306877949406,418.9945027284654,417.3629739095719
4.259999999999997,-5.50872319499,0.644128696815,26.8480151021,0.133779913926,0.283542790591,0.0,-4.51893598715,0.613773573775,5.85087102174,0.105317569474,0.0181333775914,0.0,449.42085756666984,447.90408428067906,450.51380130739614,449.56018226857094
4.319999999999996,-5.78547656001,0.683399700762,27.1994193648,0.140158167489,0.28591824899,0.0,-4.70641086539,0.695755182994,5.86195842971,0.101193635314,0.0294206881477,0.0,462.30331014056964,463.1920523339925,464.58882032535035,464.27418792693857
4.379999999999995,-6.07265773263,0.727271897938,27.5484296686,0.146699971397,0.288140972975,0.0,-4.86667884052,0.767137827244,5.77169243436,0.107599802752,0.0357264211157,0.0,431.65273830562285,432.1850811414113,430.8292865024702,431.380387131766
4.439999999999993,-6.37016949966,0.775817134338,27.8939633021,0.153542864929,0.307322181535,0.0,-5.05184166885,0.851439674102,5.74492334673,0.113317935581,0.0797583752141,0.0,451.7912267039978,455.3301886199645,453.0268155965354,453.49680594505946
4.499999999999992,-6.67975877883,0.82985708819,28.23984541,0.164304192158,0.31243539635,0.0,-5.26820800404,0.950715945939,5.78333189516,0.133955466246,0.084942752008,0.0,476.37760675443417,476.77884830740226,475.81789009368265,477.4075604720661
4.559999999999991,-7.00234878622,0.889977112672,28.5875629589,0.172879921985,0.321446650422,0.0,-5.48549801565,1.05387958603,5.80599328326,0.124627483669,0.105449408132,0.0,473.65928523172136,475.2406583813658,474.3090434880064,473.6064828545098
4.6199999999999894,-7.33753614582,0.956104270066,28.9346738907,0.181927519748,0.328653959089,0.0,-5.68805264161,1.15098365074,5.76357159152,0.109648623965,0.114596799469,0.0,455.849494468557,456.59010854404846,456.0688482117846,454.88309649366863
4.679999999999988,-7.68519362252,1.02826858668,29.2795953419,0.188596775637,0.337739211421,0.0,-5.90127162608,1.254879559,5.73281561236,0.104943323697,0.129723149372,0.0,460.78120902102864,461.9881159730438,461.88269665296866,461.5211554945277
4.739999999999987,-8.04402121196,1.10580362654,29.6175334753,0.199780775552,0.345593918264,0.0,-6.06050947699,1.33030267491,5.5319484638,0.127989849258,0.131684600139,0.0,403.29416797920163,403.4888279937468,403.9349735051226,406.0213444199732
4.799999999999986,-8.41442612279,1.18903264166,29.9484494515,0.211879311639,0.353581520398,0.0,-6.28699311036,1.44481115156,5.49742784664,0.103729606549,0.127044975859,0.0,463.3467083078338,462.99648426835734,462.97940034533974,461.07855946621424
4.859999999999984,-8.79875972296,1.27938288307,30.277549173,0.21981478833,0.368187545406,0.0,-6.5251837896,1.56721910468,5.47099657364,0.0881468592514,0.154817183749,0.0,466.9553921006591,469.13365417705876,468.6664209942242,467.46117665130583
4.919999999999983,-9.19634347623,1.37646309308,30.6015837528,0.23988536089,0.382195113359,0.0,-6.72865787442,1.66993639749,5.32920137736,0.129079947592,0.177441849648,0.0,431.8312714227525,433.76204161527806,429.80290105864486,433.26873541640344
4.979999999999982,-9.60648084649,1.4799951003,30.9172482245,0.248165821651,0.392832842005,0.0,-6.94348611375,1.78152594465,5.19220419432,0.119772237731,0.176864340695,0.0,436.2224396984183,436.20513802352957,436.301076587585,435.5378344681839
5.0399999999999805,-10.0292824516,1.59006950397,31.2235881134,0.262144321051,0.403844283014,0.0,-7.15084144756,1.88833407772,5.01846164586,0.147145877364,0.182691117528,0.0,424.5118324818756,425.0441654843683,423.2283055358639,425.59467695178233
